one[0,0,73,60]
two[73,0,73,60]
three[146,0,73,60]
four[219,0,73,60]
five[0,60,73,60]
six[73,60,73,60]
seven[146,60,73,60]
eight[219,60,73,60]
nine[0,120,73,60]
ten[73,120,73,60]
mouth[146,120,73,60]
day[219,120,73,60]
month[0,180,73,60]
rice field[73,180,73,60]
eye[146,180,73,60]
old[219,180,73,60]
I[0,240,73,60]
risk[73,240,73,60]
companion[146,240,73,60]
bright[219,240,73,60]
chant[0,300,73,60]
sparkle[73,300,73,60]
goods[146,300,73,60]
spine[219,300,73,60]
prosperous[0,360,73,60]
early[73,360,73,60]
rising sun[146,360,73,60]
generation[219,360,73,60]
stomach[0,420,73,60]
nightbreak[73,420,73,60]
gall bladder[146,420,73,60]
span[219,420,73,60]
concave[0,480,73,60]
convex[73,480,73,60]
olden times[146,480,73,60]
oneself[219,480,73,60]
white[0,540,73,60]
hundred[73,540,73,60]
in[146,540,73,60]
thousand[219,540,73,60]
tongue[0,600,73,60]
measuring box[73,600,73,60]
rise up[146,600,73,60]
round[219,600,73,60]
measurement[0,660,73,60]
specialty[73,660,73,60]
Dr.[146,660,73,60]
fortune-telling[219,660,73,60]
above[0,720,73,60]
below[73,720,73,60]
eminent[146,720,73,60]
morning[219,720,73,60]
only[0,780,73,60]
shellfish[73,780,73,60]
upright[146,780,73,60]
employee[219,780,73,60]
see[0,840,73,60]
newborn babe[73,840,73,60]
beginning[146,840,73,60]
page[219,840,73,60]
stubborn[0,900,73,60]
mediocre[73,900,73,60]
defeat[146,900,73,60]
ten thousand[219,900,73,60]
phrase[0,960,73,60]
texture[73,960,73,60]
decameron[146,960,73,60]
ladle[219,960,73,60]
bull's eye[0,1020,73,60]
neck[73,1020,73,60]
fish guts[146,1020,73,60]
riot[219,1020,73,60]
straightaway[0,1080,73,60]
tool[73,1080,73,60]
true[146,1080,73,60]
craft[219,1080,73,60]
left[0,1140,73,60]
right[73,1140,73,60]
possess[146,1140,73,60]
bribe[219,1140,73,60]
tribute[0,1200,73,60]
paragraph[73,1200,73,60]
sword[146,1200,73,60]
blade[219,1200,73,60]
cut[0,1260,73,60]
seduce[73,1260,73,60]
shining[146,1260,73,60]
rule[219,1260,73,60]
vice-[0,1320,73,60]
separate[73,1320,73,60]
street[146,1320,73,60]
village[219,1320,73,60]
can[0,1380,73,60]
place on the head[73,1380,73,60]
child[146,1380,73,60]
cavity[219,1380,73,60]
complete[0,1440,73,60]
woman[73,1440,73,60]
fond[146,1440,73,60]
likeness[219,1440,73,60]
mama[0,1500,73,60]
pierce[73,1500,73,60]
elder brother[146,1500,73,60]
overcome[219,1500,73,60]
little[0,1560,73,60]
few[73,1560,73,60]
large[146,1560,73,60]
many[219,1560,73,60]
evening[0,1620,73,60]
eventide[73,1620,73,60]
outside[146,1620,73,60]
name[219,1620,73,60]
stone[0,1680,73,60]
resemblance[73,1680,73,60]
nitrate[146,1680,73,60]
smash[219,1680,73,60]
sand[0,1740,73,60]
plane[73,1740,73,60]
ray[146,1740,73,60]
plump[219,1740,73,60]
utensil[0,1800,73,60]
stinking[73,1800,73,60]
exquisite[146,1800,73,60]
focus[219,1800,73,60]
thick[0,1860,73,60]
strange[73,1860,73,60]
stream[146,1860,73,60]
state[219,1860,73,60]
obey[0,1920,73,60]
water[73,1920,73,60]
icicle[146,1920,73,60]
eternity[219,1920,73,60]
spring[0,1980,73,60]
meadow[73,1980,73,60]
petition[146,1980,73,60]
swim[219,1980,73,60]
marsh[0,2040,73,60]
open sea[73,2040,73,60]
creek[146,2040,73,60]
soup[219,2040,73,60]
tide[0,2100,73,60]
source[73,2100,73,60]
lively[146,2100,73,60]
extinguish[219,2100,73,60]
but of course[0,2160,73,60]
river[73,2160,73,60]
overnight[146,2160,73,60]
lake[219,2160,73,60]
fathom[0,2220,73,60]
soil[73,2220,73,60]
spit[146,2220,73,60]
pressure[219,2220,73,60]
cape[0,2280,73,60]
hedge[73,2280,73,60]
squared jewel[146,2280,73,60]
seal[219,2280,73,60]
horizon[0,2340,73,60]
Buddhist temple[73,2340,73,60]
time[146,2340,73,60]
level[219,2340,73,60]
fire[0,2400,73,60]
inflammation[73,2400,73,60]
anxiety[146,2400,73,60]
thin[219,2400,73,60]
lamp[0,2460,73,60]
farm[73,2460,73,60]
disaster[146,2460,73,60]
ashes[219,2460,73,60]
spot[0,2520,73,60]
illuminate[73,2520,73,60]
fish[146,2520,73,60]
fishing[219,2520,73,60]
ri[0,2580,73,60]
black[73,2580,73,60]
black ink[146,2580,73,60]
carp[219,2580,73,60]
quantity[0,2640,73,60]
rin[73,2640,73,60]
bury[146,2640,73,60]
same[219,2640,73,60]
den[0,2700,73,60]
trunk[73,2700,73,60]
yonder[146,2700,73,60]
esteem[219,2700,73,60]
character[0,2760,73,60]
guard[73,2760,73,60]
perfect[146,2760,73,60]
proclaim[219,2760,73,60]
wee hours[0,2820,73,60]
relax[73,2820,73,60]
banquet[146,2820,73,60]
draw near[219,2820,73,60]
wealth[0,2880,73,60]
savings[73,2880,73,60]
tree[146,2880,73,60]
grove[219,2880,73,60]
forest[0,2940,73,60]
Japanese Judas-tree[73,2940,73,60]
oak[146,2940,73,60]
frame[219,2940,73,60]
treetops[0,3000,73,60]
shelf[73,3000,73,60]
apricot[146,3000,73,60]
paulownia[219,3000,73,60]
plant[0,3060,73,60]
wither[73,3060,73,60]
crude[146,3060,73,60]
town[219,3060,73,60]
inter-[0,3120,73,60]
desk[73,3120,73,60]
book[146,3120,73,60]
tag[219,3120,73,60]
calendar[0,3180,73,60]
plan[73,3180,73,60]
parch[146,3180,73,60]
not yet[219,3180,73,60]
extremity[0,3240,73,60]
splash[73,3240,73,60]
flavor[146,3240,73,60]
younger sister[219,3240,73,60]
vermilion[0,3300,73,60]
stocks[73,3300,73,60]
young[146,3300,73,60]
grass[219,3300,73,60]
suffering[0,3360,73,60]
tolerant[73,3360,73,60]
dilute[146,3360,73,60]
leaf[219,3360,73,60]
imitation[0,3420,73,60]
vague[73,3420,73,60]
grave[146,3420,73,60]
livelihood[219,3420,73,60]
membrane[0,3480,73,60]
seedling[73,3480,73,60]
portent[146,3480,73,60]
peach tree[219,3480,73,60]
stare[0,3540,73,60]
dog[73,3540,73,60]
status quo[146,3540,73,60]
silence[219,3540,73,60]
sort of thing[0,3600,73,60]
reed[73,3600,73,60]
hunt[146,3600,73,60]
cat[219,3600,73,60]
cow[0,3660,73,60]
special[73,3660,73,60]
revelation[146,3660,73,60]
before[219,3660,73,60]
wash[0,3720,73,60]
jammed in[73,3720,73,60]
world[146,3720,73,60]
tea[219,3720,73,60]
fit[0,3780,73,60]
pagoda[73,3780,73,60]
king[146,3780,73,60]
jewel[219,3780,73,60]
treasure[0,3840,73,60]
pearl[73,3840,73,60]
present[146,3840,73,60]
lunatic[219,3840,73,60]
emperor[0,3900,73,60]
display[73,3900,73,60]
whole[146,3900,73,60]
plug[219,3900,73,60]
logic[0,3960,73,60]
lord[73,3960,73,60]
pour[146,3960,73,60]
pillar[219,3960,73,60]
gold[0,4020,73,60]
pig iron[73,4020,73,60]
bowl[146,4020,73,60]
copper[219,4020,73,60]
angling[0,4080,73,60]
needle[73,4080,73,60]
inscription[146,4080,73,60]
tranquillize[219,4080,73,60]
road-way[0,4140,73,60]
guidance[73,4140,73,60]
crossing[146,4140,73,60]
swift[219,4140,73,60]
create[0,4200,73,60]
urge[73,4200,73,60]
escape[146,4200,73,60]
environs[219,4200,73,60]
patrol[0,4260,73,60]
car[73,4260,73,60]
take along[146,4260,73,60]
rut[219,4260,73,60]
transport[0,4320,73,60]
in front[73,4320,73,60]
each[146,4320,73,60]
status[219,4320,73,60]
abbreviation[0,4380,73,60]
guest[73,4380,73,60]
forehead[146,4380,73,60]
summer[219,4380,73,60]
dispose[0,4440,73,60]
twig[73,4440,73,60]
fall[146,4440,73,60]
superfluous[219,4440,73,60]
army[0,4500,73,60]
radiance[73,4500,73,60]
carry[146,4500,73,60]
crown[219,4500,73,60]
dream[0,4560,73,60]
pit[73,4560,73,60]
tall[146,4560,73,60]
receive[219,4560,73,60]
cram school[0,4620,73,60]
mellow[73,4620,73,60]
pavilion[146,4620,73,60]
capital[219,4620,73,60]
refreshing[0,4680,73,60]
scenery[73,4680,73,60]
whale[146,4680,73,60]
cottage[219,4680,73,60]
circumference[0,4740,73,60]
week[73,4740,73,60]
gentleman[146,4740,73,60]
good luck[219,4740,73,60]
robust[0,4800,73,60]
villa[73,4800,73,60]
sell[146,4800,73,60]
study[219,4800,73,60]
memorize[0,4860,73,60]
flourish[73,4860,73,60]
write[146,4860,73,60]
haven[219,4860,73,60]
breed[0,4920,73,60]
aggression[73,4920,73,60]
failure[146,4920,73,60]
sheet of[219,4920,73,60]
happenstance[0,4980,73,60]
awe[73,4980,73,60]
say[146,4980,73,60]
admonish[219,4980,73,60]
plot[0,5040,73,60]
prison[73,5040,73,60]
revise[146,5040,73,60]
chastise[219,5040,73,60]
instruction[0,5100,73,60]
imperial edict[73,5100,73,60]
packed[146,5100,73,60]
tale[219,5100,73,60]
recitation[0,5160,73,60]
poem[73,5160,73,60]
word[146,5160,73,60]
read[219,5160,73,60]
tune[0,5220,73,60]
discuss[73,5220,73,60]
consent[146,5220,73,60]
rebuke[219,5220,73,60]
style[0,5280,73,60]
test[73,5280,73,60]
II (two)[146,5280,73,60]
range[219,5280,73,60]
burglar[0,5340,73,60]
plantation[73,5340,73,60]
load[146,5340,73,60]
overgrown[219,5340,73,60]
turn into[0,5400,73,60]
castle[73,5400,73,60]
sincerity[146,5400,73,60]
intimidate[219,5400,73,60]
destroy[0,5460,73,60]
dwindle[73,5460,73,60]
scaffold[146,5460,73,60]
coin[219,5460,73,60]
shallow[0,5520,73,60]
stop[73,5520,73,60]
walk[146,5520,73,60]
ford[219,5520,73,60]
repeatedly[0,5580,73,60]
agreement[73,5580,73,60]
undertake[146,5580,73,60]
curriculum[219,5580,73,60]
warrior[0,5640,73,60]
levy[73,5640,73,60]
correct[146,5640,73,60]
evidence[219,5640,73,60]
politics[0,5700,73,60]
determine[73,5700,73,60]
lock[146,5700,73,60]
run[219,5700,73,60]
transcend[0,5760,73,60]
proceed[73,5760,73,60]
surpass[146,5760,73,60]
just so[219,5760,73,60]
topic[0,5820,73,60]
dike[73,5820,73,60]
build[146,5820,73,60]
prolong[219,5820,73,60]
nativity[0,5880,73,60]
cornerstone[73,5880,73,60]
bridegroom[146,5880,73,60]
garment[219,5880,73,60]
tailor[0,5940,73,60]
attire[73,5940,73,60]
back[146,5940,73,60]
demolition[219,5940,73,60]
pathetic[0,6000,73,60]
distant[73,6000,73,60]
monkey[146,6000,73,60]
first time[219,6000,73,60]
linen[0,6060,73,60]
sail[73,6060,73,60]
hanging scroll[146,6060,73,60]
cap[219,6060,73,60]
curtain[0,6120,73,60]
canopy[73,6120,73,60]
brocade[146,6120,73,60]
market[219,6120,73,60]
elder sister[0,6180,73,60]
lungs[73,6180,73,60]
sash[146,6180,73,60]
stagnate[219,6180,73,60]
thorn[0,6240,73,60]
system[73,6240,73,60]
made in...[146,6240,73,60]
revolve[219,6240,73,60]
technique[0,6300,73,60]
rain[73,6300,73,60]
cloud[146,6300,73,60]
cloudy weather[219,6300,73,60]
thunder[0,6360,73,60]
frost[73,6360,73,60]
winter[146,6360,73,60]
heavens[219,6360,73,60]
bridge[0,6420,73,60]
attractive[73,6420,73,60]
stand up[146,6420,73,60]
cry[219,6420,73,60]
badge[0,6480,73,60]
vie[73,6480,73,60]
sovereign[146,6480,73,60]
juvenile[219,6480,73,60]
pupil[0,6540,73,60]
bell[73,6540,73,60]
make a deal[146,6540,73,60]
legitimate wife[219,6540,73,60]
suitable[0,6600,73,60]
drip[73,6600,73,60]
enemy[146,6600,73,60]
spoon[219,6600,73,60]
north[0,6660,73,60]
stature[73,6660,73,60]
compare[146,6660,73,60]
descendants[219,6660,73,60]
all[0,6720,73,60]
mix[73,6720,73,60]
thirst[146,6720,73,60]
audience[219,6720,73,60]
brown[0,6780,73,60]
hoarse[73,6780,73,60]
delicious[146,6780,73,60]
fat[219,6780,73,60]
I (one)[0,6840,73,60]
every[73,6840,73,60]
cleverness[146,6840,73,60]
plum[219,6840,73,60]
sea[0,6900,73,60]
beg[73,6900,73,60]
drought[146,6900,73,60]
abdomen[219,6900,73,60]
duplicate[0,6960,73,60]
lack[73,6960,73,60]
blow[146,6960,73,60]
cook[219,6960,73,60]
song[0,7020,73,60]
soft[73,7020,73,60]
next[146,7020,73,60]
briar[219,7020,73,60]
assets[0,7080,73,60]
figure[73,7080,73,60]
consult with[146,7080,73,60]
compensation[219,7080,73,60]
cultivate[0,7140,73,60]
divide[73,7140,73,60]
sound[146,7140,73,60]
darkness[219,7140,73,60]
rhyme[0,7200,73,60]
discriminating[73,7200,73,60]
mirror[146,7200,73,60]
boundary[219,7200,73,60]
deceased[0,7260,73,60]
blind[73,7260,73,60]
delusion[146,7260,73,60]
laid waste[219,7260,73,60]
ambition[0,7320,73,60]
direction[73,7320,73,60]
disturb[146,7320,73,60]
boy[219,7320,73,60]
perfumed[0,7380,73,60]
obese[73,7380,73,60]
call on[146,7380,73,60]
set free[219,7380,73,60]
violent[0,7440,73,60]
undress[73,7440,73,60]
explanation[146,7440,73,60]
pointed[219,7440,73,60]
formerly[0,7500,73,60]
increase[73,7500,73,60]
presents[146,7500,73,60]
east[219,7500,73,60]
ridgepole[0,7560,73,60]
frozen[73,7560,73,60]
pregnancy[146,7560,73,60]
courts[219,7560,73,60]
dye[0,7620,73,60]
burn[73,7620,73,60]
V.I.P.[146,7620,73,60]
year-end[219,7620,73,60]
prefecture[0,7680,73,60]
horse chestnut[73,7680,73,60]
ground[146,7680,73,60]
pond[219,7680,73,60]
insect[0,7740,73,60]
lightning bug[73,7740,73,60]
snake[146,7740,73,60]
rainbow[219,7740,73,60]
butterfly[0,7800,73,60]
single[73,7800,73,60]
silkworm[146,7800,73,60]
wind[219,7800,73,60]
self[0,7860,73,60]
rouse[73,7860,73,60]
queen[146,7860,73,60]
reformation[219,7860,73,60]
scribe[0,7920,73,60]
wrap[73,7920,73,60]
placenta[146,7920,73,60]
cannon[219,7920,73,60]
bubble[0,7980,73,60]
tortoise[73,7980,73,60]
electricity[146,7980,73,60]
dragon[219,7980,73,60]
waterfall[0,8040,73,60]
pork[73,8040,73,60]
pursue[146,8040,73,60]
consummate[219,8040,73,60]
house[0,8100,73,60]
marry into[73,8100,73,60]
overpowering[146,8100,73,60]
intestines[219,8100,73,60]
location[0,8160,73,60]
hot water[73,8160,73,60]
sheep[146,8160,73,60]
beauty[219,8160,73,60]
ocean[0,8220,73,60]
detailed[73,8220,73,60]
fresh[146,8220,73,60]
accomplished[219,8220,73,60]
envious[0,8280,73,60]
distinction[73,8280,73,60]
don[146,8280,73,60]
solely[219,8280,73,60]
char[0,8340,73,60]
reef[73,8340,73,60]
gather[146,8340,73,60]
quasi-[219,8340,73,60]
advance[0,8400,73,60]
miscellaneous[73,8400,73,60]
female[146,8400,73,60]
semi-[219,8400,73,60]
stirred up[0,8460,73,60]
rob[73,8460,73,60]
assurance[146,8460,73,60]
noon[219,8460,73,60]
permit[0,8520,73,60]
delight[73,8520,73,60]
authority[146,8520,73,60]
outlook[219,8520,73,60]
feathers[0,8580,73,60]
learn[73,8580,73,60]
the following[146,8580,73,60]
weekday[219,8580,73,60]
laundry[0,8640,73,60]
sayeth[73,8640,73,60]
quandary[146,8640,73,60]
harden[219,8640,73,60]
country[0,8700,73,60]
group[73,8700,73,60]
cause[146,8700,73,60]
matrimony[219,8700,73,60]
park[0,8760,73,60]
-times[73,8760,73,60]
podium[146,8760,73,60]
store[219,8760,73,60]
warehouse[0,8820,73,60]
courtyard[73,8820,73,60]
government office[146,8820,73,60]
bed[219,8820,73,60]
hemp[0,8880,73,60]
grind[73,8880,73,60]
heart[146,8880,73,60]
forget[219,8880,73,60]
endure[0,8940,73,60]
acknowledge[73,8940,73,60]
mourning[146,8940,73,60]
intention[219,8940,73,60]
document[0,9000,73,60]
loyalty[73,9000,73,60]
shish kebab[146,9000,73,60]
afflicted[219,9000,73,60]
think[0,9060,73,60]
grace[73,9060,73,60]
apply[146,9060,73,60]
idea[219,9060,73,60]
concept[0,9120,73,60]
breath[73,9120,73,60]
recess[146,9120,73,60]
favor[219,9120,73,60]
fear[0,9180,73,60]
beguile[73,9180,73,60]
emotion[146,9180,73,60]
melancholy[219,9180,73,60]
widow[0,9240,73,60]
busy[73,9240,73,60]
ecstasy[146,9240,73,60]
constancy[219,9240,73,60]
lament[0,9300,73,60]
enlightenment[73,9300,73,60]
dreadful[146,9300,73,60]
disconcerted[219,9300,73,60]
repent[0,9360,73,60]
hate[73,9360,73,60]
accustomed[146,9360,73,60]
pleasure[219,9360,73,60]
lazy[0,9420,73,60]
humility[73,9420,73,60]
remorse[146,9420,73,60]
recollection[219,9420,73,60]
pining[0,9480,73,60]
annexed[73,9480,73,60]
invariably[146,9480,73,60]
ooze[219,9480,73,60]
hand[0,9540,73,60]
watch over[73,9540,73,60]
chafe[146,9540,73,60]
ego[219,9540,73,60]
righteousness[0,9600,73,60]
deliberation[73,9600,73,60]
sacrifice[146,9600,73,60]
rub[219,9600,73,60]
embrace[0,9660,73,60]
board[73,9660,73,60]
extract[146,9660,73,60]
confront[219,9660,73,60]
criticism[0,9720,73,60]
beckon[73,9720,73,60]
clear the land[146,9720,73,60]
clap[219,9720,73,60]
strike[0,9780,73,60]
arrest[73,9780,73,60]
discard[146,9780,73,60]
kidnap[219,9780,73,60]
pinch[0,9840,73,60]
challenge[73,9840,73,60]
finger[146,9840,73,60]
hold[219,9840,73,60]
fasten[0,9900,73,60]
brandish[73,9900,73,60]
conjecture[146,9900,73,60]
hoist[219,9900,73,60]
propose[0,9960,73,60]
damage[73,9960,73,60]
pick up[146,9960,73,60]
shouldering[219,9960,73,60]
foothold[0,10020,73,60]
sketch[73,10020,73,60]
maneuver[146,10020,73,60]
touch[219,10020,73,60]
put up a notice[0,10080,73,60]
hang[73,10080,73,60]
polish[146,10080,73,60]
commandment[219,10080,73,60]
contraption[0,10140,73,60]
nose[73,10140,73,60]
punish[146,10140,73,60]
mould[219,10140,73,60]
genius[0,10200,73,60]
property[73,10200,73,60]
lumber[146,10200,73,60]
suppose[219,10200,73,60]
exist[0,10260,73,60]
from[73,10260,73,60]
portable[146,10260,73,60]
reach out[219,10260,73,60]
suck[0,10320,73,60]
handle[73,10320,73,60]
length[146,10320,73,60]
history[219,10320,73,60]
officer[0,10380,73,60]
grow late[73,10380,73,60]
stiff[146,10380,73,60]
or again[219,10380,73,60]
pair[0,10440,73,60]
mulberry[73,10440,73,60]
vessels[146,10440,73,60]
safeguard[219,10440,73,60]
seize[0,10500,73,60]
guy[73,10500,73,60]
angry[146,10500,73,60]
friend[219,10500,73,60]
slip out[0,10560,73,60]
throw[73,10560,73,60]
drown[146,10560,73,60]
establishment[219,10560,73,60]
beat[0,10620,73,60]
husk[73,10620,73,60]
branch[146,10620,73,60]
skill[219,10620,73,60]
bough[0,10680,73,60]
limb[73,10680,73,60]
stalk[146,10680,73,60]
suspicious[219,10680,73,60]
lightly[0,10740,73,60]
uncle[73,10740,73,60]
coach[146,10740,73,60]
loneliness[219,10740,73,60]
graceful[0,10800,73,60]
anti-[73,10800,73,60]
slope[146,10800,73,60]
plank[219,10800,73,60]
return[0,10860,73,60]
marketing[73,10860,73,60]
claw[146,10860,73,60]
gentle[219,10860,73,60]
milk[0,10920,73,60]
floating[73,10920,73,60]
leader[146,10920,73,60]
exhort[219,10920,73,60]
pick[0,10980,73,60]
vegetable[73,10980,73,60]
accept[146,10980,73,60]
impart[219,10980,73,60]
love[0,11040,73,60]
pay[73,11040,73,60]
wide[146,11040,73,60]
broaden[219,11040,73,60]
mineral[0,11100,73,60]
valve[73,11100,73,60]
male[146,11100,73,60]
pedestal[219,11100,73,60]
neglect[0,11160,73,60]
reign[73,11160,73,60]
commence[146,11160,73,60]
womb[219,11160,73,60]
window[0,11220,73,60]
gone[73,11220,73,60]
method[146,11220,73,60]
meeting[219,11220,73,60]
climax[0,11280,73,60]
room[73,11280,73,60]
arrival[146,11280,73,60]
doth[219,11280,73,60]
mutually[0,11340,73,60]
abandon[73,11340,73,60]
bring up[146,11340,73,60]
remove[219,11340,73,60]
allot[0,11400,73,60]
gun[73,11400,73,60]
sulfur[146,11400,73,60]
current[219,11400,73,60]
license[0,11460,73,60]
tempt[73,11460,73,60]
exit[146,11460,73,60]
mountain[219,11460,73,60]
bungling[0,11520,73,60]
boulder[73,11520,73,60]
charcoal[146,11520,73,60]
branch off[219,11520,73,60]
mountain pass[0,11580,73,60]
crumble[73,11580,73,60]
secrecy[146,11580,73,60]
honey[219,11580,73,60]
storm[0,11640,73,60]
promontory[73,11640,73,60]
enter[146,11640,73,60]
crowded[219,11640,73,60]
part[0,11700,73,60]
poverty[73,11700,73,60]
partition[146,11700,73,60]
public[219,11700,73,60]
pine tree[0,11760,73,60]
venerable old man[73,11760,73,60]
sue[146,11760,73,60]
valley[219,11760,73,60]
bathe[0,11820,73,60]
contain[73,11820,73,60]
melt[146,11820,73,60]
longing[219,11820,73,60]
abundant[0,11880,73,60]
lead (metal)[73,11880,73,60]
run alongside[146,11880,73,60]
prize[219,11880,73,60]
party[0,11940,73,60]
hall[73,11940,73,60]
usual[146,11940,73,60]
skirt[219,11940,73,60]
manipulate[0,12000,73,60]
pelt[73,12000,73,60]
waves[146,12000,73,60]
old woman[219,12000,73,60]
expose[0,12060,73,60]
rend[73,12060,73,60]
incur[146,12060,73,60]
remainder[219,12060,73,60]
martyrdom[0,12120,73,60]
particularly[73,12120,73,60]
augment[146,12120,73,60]
file[219,12120,73,60]
split[0,12180,73,60]
ardent[73,12180,73,60]
death[146,12180,73,60]
interment[219,12180,73,60]
wink[0,12240,73,60]
ear[73,12240,73,60]
take[146,12240,73,60]
gist[219,12240,73,60]
utmost[0,12300,73,60]
snapshot[73,12300,73,60]
shame[146,12300,73,60]
post[219,12300,73,60]
holy[0,12360,73,60]
daring[73,12360,73,60]
listen[146,12360,73,60]
pocket[219,12360,73,60]
ridicule[0,12420,73,60]
loose[73,12420,73,60]
buy[146,12420,73,60]
placement[219,12420,73,60]
penalty[0,12480,73,60]
rather[73,12480,73,60]
voiced[146,12480,73,60]
ring[219,12480,73,60]
send back[0,12540,73,60]
husband[73,12540,73,60]
aid[146,12540,73,60]
mountain stream[219,12540,73,60]
standard[0,12600,73,60]
exchange[73,12600,73,60]
approve[146,12600,73,60]
submerge[219,12600,73,60]
lose[0,12660,73,60]
iron[73,12660,73,60]
alternate[146,12660,73,60]
retainer[219,12660,73,60]
princess[0,12720,73,60]
storehouse[73,12720,73,60]
entrails[146,12720,73,60]
intelligent[219,12720,73,60]
strict[0,12780,73,60]
look to[73,12780,73,60]
perusal[146,12780,73,60]
gigantic[219,12780,73,60]
repel[0,12840,73,60]
power[73,12840,73,60]
man[146,12840,73,60]
labor[219,12840,73,60]
recruit[0,12900,73,60]
inferiority[73,12900,73,60]
achievement[146,12900,73,60]
persuade[219,12900,73,60]
toil[0,12960,73,60]
encourage[73,12960,73,60]
add[146,12960,73,60]
congratulations[219,12960,73,60]
erect[0,13020,73,60]
armpit[73,13020,73,60]
threaten[146,13020,73,60]
co-[219,13020,73,60]
going[0,13080,73,60]
rhythm[73,13080,73,60]
restore[146,13080,73,60]
gain[219,13080,73,60]
accompany[0,13140,73,60]
junior[73,13140,73,60]
wait[146,13140,73,60]
journey[219,13140,73,60]
subjugate[0,13200,73,60]
diameter[73,13200,73,60]
he[146,13200,73,60]
duty[219,13200,73,60]
benevolence[0,13260,73,60]
penetrate[73,13260,73,60]
indications[146,13260,73,60]
penal[219,13260,73,60]
delicate[0,13320,73,60]
boulevard[73,13320,73,60]
equilibrium[146,13320,73,60]
draft[219,13320,73,60]
earnings[0,13380,73,60]
extent[73,13380,73,60]
tax[146,13380,73,60]
immature[219,13380,73,60]
harmony[0,13440,73,60]
shift[73,13440,73,60]
second[146,13440,73,60]
autumn[219,13440,73,60]
distress[0,13500,73,60]
private[73,13500,73,60]
regularity[146,13500,73,60]
secret[219,13500,73,60]
appellation[0,13560,73,60]
profit[73,13560,73,60]
pear tree[146,13560,73,60]
harvest[219,13560,73,60]
ear of a plant[0,13620,73,60]
rice plant[73,13620,73,60]
incense[146,13620,73,60]
seasons[219,13620,73,60]
committee[0,13680,73,60]
excel[73,13680,73,60]
transparent[146,13680,73,60]
entice[219,13680,73,60]
cereals[0,13740,73,60]
germ[73,13740,73,60]
rice[146,13740,73,60]
flour[219,13740,73,60]
sticky[0,13800,73,60]
grains[73,13800,73,60]
cosmetics[146,13800,73,60]
astray[219,13800,73,60]
chic[0,13860,73,60]
provisions[73,13860,73,60]
chrysanthemum[146,13860,73,60]
core[219,13860,73,60]
number[0,13920,73,60]
watchtower[73,13920,73,60]
sort[146,13920,73,60]
lacquer[219,13920,73,60]
Esq.[0,13980,73,60]
request[73,13980,73,60]
ball[146,13980,73,60]
salvation[219,13980,73,60]
bamboo[0,14040,73,60]
laugh[73,14040,73,60]
bamboo hat[146,14040,73,60]
bamboo grass[219,14040,73,60]
muscle[0,14100,73,60]
box[73,14100,73,60]
writing brush[146,14100,73,60]
cylinder[219,14100,73,60]
etc.[0,14160,73,60]
calculate[73,14160,73,60]
solution[146,14160,73,60]
scheme[219,14160,73,60]
register[0,14220,73,60]
fabricate[73,14220,73,60]
person[146,14220,73,60]
assistant[219,14220,73,60]
however[0,14280,73,60]
dwell[73,14280,73,60]
rank[146,14280,73,60]
go-between[219,14280,73,60]
body[0,14340,73,60]
remote[73,14340,73,60]
affair[146,14340,73,60]
attend[219,14340,73,60]
other[0,14400,73,60]
prostrated[73,14400,73,60]
transmit[146,14400,73,60]
Buddha[219,14400,73,60]
rest[0,14460,73,60]
provisional[73,14460,73,60]
chief[146,14460,73,60]
vulgar[219,14460,73,60]
faith[0,14520,73,60]
excellent[73,14520,73,60]
reliant[146,14520,73,60]
example[219,14520,73,60]
individual[0,14580,73,60]
healthy[73,14580,73,60]
side[146,14580,73,60]
waiter[219,14580,73,60]
halt[0,14640,73,60]
price[73,14640,73,60]
emulate[146,14640,73,60]
overthrow[219,14640,73,60]
spy[0,14700,73,60]
Buddhist priest[73,14700,73,60]
hundred million[146,14700,73,60]
ceremony[219,14700,73,60]
reparation[0,14760,73,60]
hermit[73,14760,73,60]
sponsor[146,14760,73,60]
humanity[219,14760,73,60]
scorn[0,14820,73,60]
use[73,14820,73,60]
convenience[146,14820,73,60]
double[219,14820,73,60]
tenderness[0,14880,73,60]
fell[73,14880,73,60]
inn[146,14880,73,60]
wound[219,14880,73,60]
protect[0,14940,73,60]
praise[73,14940,73,60]
greatness[146,14940,73,60]
adhere[219,14940,73,60]
token[0,15000,73,60]
municipality[73,15000,73,60]
responsibility[146,15000,73,60]
fare[219,15000,73,60]
substitute[0,15060,73,60]
sack[73,15060,73,60]
lend[146,15060,73,60]
change[219,15060,73,60]
flower[0,15120,73,60]
freight[73,15120,73,60]
lean[146,15120,73,60]
what[219,15120,73,60]
baggage[0,15180,73,60]
sagacious[73,15180,73,60]
bystander[146,15180,73,60]
long time[219,15180,73,60]
furrow[0,15240,73,60]
captured[73,15240,73,60]
inside[146,15240,73,60]
third class[219,15240,73,60]
design[0,15300,73,60]
meat[73,15300,73,60]
rot[146,15300,73,60]
sit[219,15300,73,60]
graduate[0,15360,73,60]
umbrella[73,15360,73,60]
monme[146,15360,73,60]
by means of[219,15360,73,60]
similar[0,15420,73,60]
join[73,15420,73,60]
tile[146,15420,73,60]
flower pot[219,15420,73,60]
Shinto shrine[0,15480,73,60]
occupation[73,15480,73,60]
virtuous[146,15480,73,60]
year[219,15480,73,60]
night[0,15540,73,60]
fluid[73,15540,73,60]
hillock[146,15540,73,60]
cash[219,15540,73,60]
abuse[0,15600,73,60]
yell[73,15600,73,60]
interchange[146,15600,73,60]
dissolve[219,15600,73,60]
alms[0,15660,73,60]
rotation[73,15660,73,60]
play[146,15660,73,60]
trip[219,15660,73,60]
not[0,15720,73,60]
thing[73,15720,73,60]
easy[146,15720,73,60]
grant[219,15720,73,60]
urine[0,15780,73,60]
nun[73,15780,73,60]
mud[146,15780,73,60]
fence[219,15780,73,60]
footgear[0,15840,73,60]
roof[73,15840,73,60]
grip[146,15840,73,60]
yield[219,15840,73,60]
dig[0,15900,73,60]
ditch[73,15900,73,60]
reside[146,15900,73,60]
set[219,15900,73,60]
stratum[0,15960,73,60]
bureau[73,15960,73,60]
slow[146,15960,73,60]
leak[219,15960,73,60]
printing[0,16020,73,60]
shaku[73,16020,73,60]
exhaust[146,16020,73,60]
swamp[219,16020,73,60]
translate[0,16080,73,60]
choose[73,16080,73,60]
daytime[146,16080,73,60]
door[219,16080,73,60]
shoulder[0,16140,73,60]
tassel[73,16140,73,60]
fan[146,16140,73,60]
hearth[219,16140,73,60]
re-[0,16200,73,60]
tears[73,16200,73,60]
employ[146,16200,73,60]
look back[219,16200,73,60]
disclose[0,16260,73,60]
show[73,16260,73,60]
salutation[146,16260,73,60]
auspicious[219,16260,73,60]
celebrate[0,16320,73,60]
blessing[73,16320,73,60]
welfare[146,16320,73,60]
company[219,16320,73,60]
inspection[0,16380,73,60]
Nara[73,16380,73,60]
military officer[146,16380,73,60]
consolation[219,16380,73,60]
goodwill[0,16440,73,60]
prohibition[73,16440,73,60]
collar[146,16440,73,60]
religion[219,16440,73,60]
adore[0,16500,73,60]
ritual[73,16500,73,60]
guess[146,16500,73,60]
grate[219,16500,73,60]
wherefore[0,16560,73,60]
pluck[73,16560,73,60]
oil[146,16560,73,60]
sleeve[219,16560,73,60]
mid-air[0,16620,73,60]
deliver[73,16620,73,60]
flute[146,16620,73,60]
axis[219,16620,73,60]
armor[0,16680,73,60]
push[73,16680,73,60]
headland[146,16680,73,60]
insert[219,16680,73,60]
speaketh[0,16740,73,60]
expand[73,16740,73,60]
gods[146,16740,73,60]
search[219,16740,73,60]
fruit[0,16800,73,60]
confectionary[73,16800,73,60]
chapter[146,16800,73,60]
naked[219,16800,73,60]
ax[0,16860,73,60]
chop[73,16860,73,60]
place[146,16860,73,60]
pray[219,16860,73,60]
near[0,16920,73,60]
fold[73,16920,73,60]
philosophy[146,16920,73,60]
departed[219,16920,73,60]
vow[0,16980,73,60]
temporarily[73,16980,73,60]
steadily[146,16980,73,60]
severance[219,16980,73,60]
substance[0,17040,73,60]
reject[73,17040,73,60]
accusation[146,17040,73,60]
yesterday[219,17040,73,60]
lie[0,17100,73,60]
make[73,17100,73,60]
snow[146,17100,73,60]
record[219,17100,73,60]
inquire[0,17160,73,60]
hurry[73,17160,73,60]
calm[146,17160,73,60]
encroach[219,17160,73,60]
immersed[0,17220,73,60]
lie down[73,17220,73,60]
lady[146,17220,73,60]
sweep[219,17220,73,60]
hit[0,17280,73,60]
contend[73,17280,73,60]
clean[146,17280,73,60]
matter[219,17280,73,60]
T'ang[0,17340,73,60]
sugar[73,17340,73,60]
sane[146,17340,73,60]
apprehend[219,17340,73,60]
Italy[0,17400,73,60]
old boy[73,17400,73,60]
flock[146,17400,73,60]
-proof[219,17400,73,60]
demand[0,17460,73,60]
Confucian[73,17460,73,60]
edge[146,17460,73,60]
both[219,17460,73,60]
full[0,17520,73,60]
brush stroke[73,17520,73,60]
tooth[146,17520,73,60]
bend[219,17520,73,60]
cadet[0,17580,73,60]
encounter[73,17580,73,60]
rowing[146,17580,73,60]
vat[219,17580,73,60]
Big Dipper[0,17640,73,60]
fee[73,17640,73,60]
department[146,17640,73,60]
map[219,17640,73,60]
utilize[0,17700,73,60]
comfortable[73,17700,73,60]
equip[146,17700,73,60]
once upon a time[219,17700,73,60]
confused[0,17760,73,60]
borrow[73,17760,73,60]
pity[146,17760,73,60]
set aside[219,17760,73,60]
scatter[0,17820,73,60]
twenty[73,17820,73,60]
commoner[146,17820,73,60]
intercept[219,17820,73,60]
seat[0,17880,73,60]
degrees[73,17880,73,60]
transit[146,17880,73,60]
bustle[219,17880,73,60]
erupt[0,17940,73,60]
tomb[73,17940,73,60]
aroused[146,17940,73,60]
bake[219,17940,73,60]
daybreak[0,18000,73,60]
half[73,18000,73,60]
consort[146,18000,73,60]
paddy ridge[219,18000,73,60]
judgment[0,18060,73,60]
ticket[73,18060,73,60]
scroll[146,18060,73,60]
sphere[219,18060,73,60]
victory[0,18120,73,60]
wisteria[73,18120,73,60]
facsimilie[146,18120,73,60]
one-sided[219,18120,73,60]
printing block[0,18180,73,60]
of[73,18180,73,60]
destitution[146,18180,73,60]
turf[219,18180,73,60]
negative[0,18240,73,60]
negate[73,18240,73,60]
cupfuls[146,18240,73,60]
dart[219,18240,73,60]
rectify[0,18300,73,60]
tribe[73,18300,73,60]
know[146,18300,73,60]
wisdom[219,18300,73,60]
halberd[0,18360,73,60]
tender[73,18360,73,60]
task[146,18360,73,60]
fog[219,18360,73,60]
squad[0,18420,73,60]
homecoming[73,18420,73,60]
bow[146,18420,73,60]
pull[219,18420,73,60]
condolences[0,18480,73,60]
vast[73,18480,73,60]
strong[146,18480,73,60]
weak[219,18480,73,60]
seethe[0,18540,73,60]
expense[73,18540,73,60]
No.[146,18540,73,60]
younger brother[219,18540,73,60]
adroit[0,18600,73,60]
nickname[73,18600,73,60]
decay[146,18600,73,60]
boast[219,18600,73,60]
dirty[0,18660,73,60]
bestow[73,18660,73,60]
copy[146,18660,73,60]
somebody[219,18660,73,60]
shoot[0,18720,73,60]
apologize[73,18720,73,60]
old man[146,18720,73,60]
consider[219,18720,73,60]
filial piety[0,18780,73,60]
teach[73,18780,73,60]
torture[146,18780,73,60]
someone[219,18780,73,60]
boil[0,18840,73,60]
renowned[73,18840,73,60]
signature[146,18840,73,60]
sultry[219,18840,73,60]
various[0,18900,73,60]
boar[73,18900,73,60]
strand[146,18900,73,60]
gamble[219,18900,73,60]
gorge[0,18960,73,60]
cramped[73,18960,73,60]
sandwiched[146,18960,73,60]
chase[219,18960,73,60]
expert[0,19020,73,60]
commander[73,19020,73,60]
bureaucrat[146,19020,73,60]
coffin[219,19020,73,60]
pipe[0,19080,73,60]
father[73,19080,73,60]
mingle[146,19080,73,60]
merit[219,19080,73,60]
contrast[0,19140,73,60]
exam[73,19140,73,60]
leg[146,19140,73,60]
stimulate[219,19140,73,60]
long-distance[0,19200,73,60]
path[73,19200,73,60]
dew[146,19200,73,60]
hop[219,19200,73,60]
leap[0,19260,73,60]
tread[73,19260,73,60]
step[146,19260,73,60]
skeleton[219,19260,73,60]
slippery[0,19320,73,60]
marrow[73,19320,73,60]
calamity[146,19320,73,60]
whirlpool[219,19320,73,60]
overdo[0,19380,73,60]
Heights[73,19380,73,60]
Africa[146,19380,73,60]
occasion[219,19380,73,60]
hinder[0,19440,73,60]
follow[73,19440,73,60]
auxiliary[146,19440,73,60]
sunshine[219,19440,73,60]
line up[0,19500,73,60]
ward off[73,19500,73,60]
affixed[146,19500,73,60]
Inst.[219,19500,73,60]
camp[0,19560,73,60]
regiment[73,19560,73,60]
crash[146,19560,73,60]
descend[219,19560,73,60]
story[0,19620,73,60]
highness[73,19620,73,60]
neighboring[146,19620,73,60]
isolate[219,19620,73,60]
conceal[0,19680,73,60]
degenerate[73,19680,73,60]
collapse[146,19680,73,60]
hole[219,19680,73,60]
empty[0,19740,73,60]
withdraw[73,19740,73,60]
stab[146,19740,73,60]
research[219,19740,73,60]
plug up[0,19800,73,60]
stealth[73,19800,73,60]
depression[146,19800,73,60]
squeeze[219,19800,73,60]
kiln[0,19860,73,60]
hard up[73,19860,73,60]
grope[146,19860,73,60]
deep[219,19860,73,60]
hill[0,19920,73,60]
Point[73,19920,73,60]
soldier[146,19920,73,60]
seacoast[219,19920,73,60]
thread[0,19980,73,60]
weave[73,19980,73,60]
darning[146,19980,73,60]
shrink[219,19980,73,60]
luxuriant[0,20040,73,60]
vertical[73,20040,73,60]
line[146,20040,73,60]
tighten[219,20040,73,60]
fiber[0,20100,73,60]
gauze[73,20100,73,60]
practice[146,20100,73,60]
thong[219,20100,73,60]
continue[0,20160,73,60]
picture[73,20160,73,60]
overall[146,20160,73,60]
strangle[219,20160,73,60]
salary[0,20220,73,60]
entwine[73,20220,73,60]
tie[146,20220,73,60]
end[219,20220,73,60]
class[0,20280,73,60]
chronicle[73,20280,73,60]
crimson[146,20280,73,60]
settlement[219,20280,73,60]
spinning[0,20340,73,60]
distract[73,20340,73,60]
introduce[146,20340,73,60]
sutra[219,20340,73,60]
sire[0,20400,73,60]
promise[73,20400,73,60]
dainty[146,20400,73,60]
accumulate[219,20400,73,60]
cord[0,20460,73,60]
general[73,20460,73,60]
cotton[146,20460,73,60]
silk[219,20460,73,60]
winding[0,20520,73,60]
inherit[73,20520,73,60]
green[146,20520,73,60]
affinity[219,20520,73,60]
netting[0,20580,73,60]
tense[73,20580,73,60]
purple[146,20580,73,60]
truss[219,20580,73,60]
straw rope[0,20640,73,60]
infancy[73,20640,73,60]
behind[146,20640,73,60]
faint[219,20640,73,60]
how many[0,20700,73,60]
mechanism[73,20700,73,60]
mysterious[146,20700,73,60]
livestock[219,20700,73,60]
amass[0,20760,73,60]
bowstring[73,20760,73,60]
hug[146,20760,73,60]
nourishing[219,20760,73,60]
mercy[0,20820,73,60]
magnet[73,20820,73,60]
lineage[146,20820,73,60]
person in charge[219,20820,73,60]
grandchild[0,20880,73,60]
suspend[73,20880,73,60]
instead[146,20880,73,60]
shins[219,20880,73,60]
wholesale[0,20940,73,60]
honorable[73,20940,73,60]
clothing[146,20940,73,60]
fate[219,20940,73,60]
orders[0,21000,73,60]
zero[73,21000,73,60]
age[146,21000,73,60]
cool[219,21000,73,60]
jurisdiction[0,21060,73,60]
small bell[73,21060,73,60]
courage[146,21060,73,60]
traffic[219,21060,73,60]
jump[0,21120,73,60]
doubt[73,21120,73,60]
mimic[146,21120,73,60]
congeal[219,21120,73,60]
pattern[0,21180,73,60]
crime[73,21180,73,60]
unlucky[146,21180,73,60]
dangerous[219,21180,73,60]
address[0,21240,73,60]
arm[73,21240,73,60]
garden[146,21240,73,60]
grudge[219,21240,73,60]
willow[0,21300,73,60]
egg[73,21300,73,60]
detain[146,21300,73,60]
trade[219,21300,73,60]
stamp[0,21360,73,60]
entertain[73,21360,73,60]
sign of the bird[146,21360,73,60]
sake[219,21360,73,60]
bartending[0,21420,73,60]
fermentation[73,21420,73,60]
cruel[146,21420,73,60]
repay[219,21420,73,60]
dairy products[0,21480,73,60]
vinegar[73,21480,73,60]
drunk[146,21480,73,60]
distribute[219,21480,73,60]
acid[0,21540,73,60]
waver[73,21540,73,60]
revered[146,21540,73,60]
beans[219,21540,73,60]
head[0,21600,73,60]
short[73,21600,73,60]
bountiful[146,21600,73,60]
drum[219,21600,73,60]
rejoice[0,21660,73,60]
timber-trees[73,21660,73,60]
dish[146,21660,73,60]
blood[219,21660,73,60]
basin[0,21720,73,60]
alliance[73,21720,73,60]
steal[146,21720,73,60]
warm[219,21720,73,60]
oversee[0,21780,73,60]
overflow[73,21780,73,60]
specimen[146,21780,73,60]
fierce[219,21780,73,60]
boom[0,21840,73,60]
salt[73,21840,73,60]
silver[146,21840,73,60]
resentment[219,21840,73,60]
root[0,21900,73,60]
instant[73,21900,73,60]
baron[146,21900,73,60]
node[219,21900,73,60]
retreat[0,21960,73,60]
limit[73,21960,73,60]
eyeball[146,21960,73,60]
good[219,21960,73,60]
melodious[0,22020,73,60]
wandering[73,22020,73,60]
daughter[146,22020,73,60]
eat[219,22020,73,60]
meal[0,22080,73,60]
drink[73,22080,73,60]
hungry[146,22080,73,60]
starve[219,22080,73,60]
decorate[0,22140,73,60]
Bldg.[73,22140,73,60]
foster[146,22140,73,60]
sated[219,22140,73,60]
previously[0,22200,73,60]
outline[73,22200,73,60]
rue[146,22200,73,60]
even[219,22200,73,60]
call[0,22260,73,60]
two-mat area[73,22260,73,60]
evaluate[146,22260,73,60]
reap[219,22260,73,60]
hope[0,22320,73,60]
villain[73,22320,73,60]
bosom[146,22320,73,60]
detach[219,22320,73,60]
kill[0,22380,73,60]
genuine[73,22380,73,60]
dull[146,22380,73,60]
spicy[219,22380,73,60]
resign[0,22440,73,60]
catalpa[73,22440,73,60]
superintend[146,22440,73,60]
wall[219,22440,73,60]
evade[0,22500,73,60]
new[73,22500,73,60]
firewood[146,22500,73,60]
parent[219,22500,73,60]
happiness[0,22560,73,60]
tenacious[73,22560,73,60]
report[146,22560,73,60]
shout[219,22560,73,60]
twist[0,22620,73,60]
income[73,22620,73,60]
lowly[146,22620,73,60]
tombstone[219,22620,73,60]
land[0,22680,73,60]
intimate[73,22680,73,60]
forces[146,22680,73,60]
heat[219,22680,73,60]
diamond[0,22740,73,60]
mausoleum[73,22740,73,60]
sign of the hog[146,22740,73,60]
nucleus[219,22740,73,60]
engrave[0,22800,73,60]
above-stated[73,22800,73,60]
censure[146,22800,73,60]
mention[219,22800,73,60]
art[0,22860,73,60]
cold[73,22860,73,60]
brew[146,22860,73,60]
defer[219,22860,73,60]
lot[0,22920,73,60]
lass[73,22920,73,60]
poison[146,22920,73,60]
elementary[219,22920,73,60]
barley[0,22980,73,60]
blue[73,22980,73,60]
refined[146,22980,73,60]
solicit[219,22980,73,60]
feelings[0,23040,73,60]
clear up[73,23040,73,60]
pure[146,23040,73,60]
quiet[219,23040,73,60]
blame[0,23100,73,60]
exploits[73,23100,73,60]
volume[146,23100,73,60]
bond[219,23100,73,60]
pickling[0,23160,73,60]
surface[73,23160,73,60]
bag[146,23160,73,60]
undefiled[219,23160,73,60]
pledge[0,23220,73,60]
consume[73,23220,73,60]
harm[146,23220,73,60]
control[219,23220,73,60]
proportion[0,23280,73,60]
constitution[73,23280,73,60]
life[146,23280,73,60]
star[219,23280,73,60]
surname[0,23340,73,60]
sex[73,23340,73,60]
animal sacrifice[146,23340,73,60]
products[219,23340,73,60]
hump[0,23400,73,60]
summit[73,23400,73,60]
sew[146,23400,73,60]
worship[219,23400,73,60]
longevity[0,23460,73,60]
casting[73,23460,73,60]
enroll[146,23460,73,60]
springtime[219,23460,73,60]
camellia[0,23520,73,60]
peaceful[73,23520,73,60]
play music[146,23520,73,60]
reality[219,23520,73,60]
dedicate[0,23580,73,60]
stipend[73,23580,73,60]
rod[146,23580,73,60]
discreet[219,23580,73,60]
diligence[0,23640,73,60]
Sino-[73,23640,73,60]
sigh[146,23640,73,60]
difficult[219,23640,73,60]
splendor[0,23700,73,60]
droop[73,23700,73,60]
drowsy[146,23700,73,60]
spindle[219,23700,73,60]
ride[0,23760,73,60]
surplus[73,23760,73,60]
now[146,23760,73,60]
include[219,23760,73,60]
versify[0,23820,73,60]
wish[73,23820,73,60]
harp[146,23820,73,60]
shade[219,23820,73,60]
beforehand[0,23880,73,60]
preface[73,23880,73,60]
deposit[146,23880,73,60]
plains[219,23880,73,60]
concurrently[0,23940,73,60]
dislike[73,23940,73,60]
sickle[146,23940,73,60]
self-effacing[219,23940,73,60]
bargain[0,24000,73,60]
west[73,24000,73,60]
value[146,24000,73,60]
need[219,24000,73,60]
loins[0,24060,73,60]
ballot[73,24060,73,60]
drift[146,24060,73,60]
signpost[219,24060,73,60]
chestnut[0,24120,73,60]
transition[73,24120,73,60]
capsize[146,24120,73,60]
smoke[219,24120,73,60]
south[0,24180,73,60]
camphor tree[73,24180,73,60]
offering[146,24180,73,60]
gates[219,24180,73,60]
question[0,24240,73,60]
review[73,24240,73,60]
clique[146,24240,73,60]
interval[219,24240,73,60]
simplicity[0,24300,73,60]
open[73,24300,73,60]
closed[146,24300,73,60]
tower[219,24300,73,60]
leisure[0,24360,73,60]
hear[73,24360,73,60]
wet[146,24360,73,60]
column[219,24360,73,60]
fight[0,24420,73,60]
godown[73,24420,73,60]
genesis[146,24420,73,60]
un-[219,24420,73,60]
haiku[0,24480,73,60]
repudiate[73,24480,73,60]
sad[146,24480,73,60]
guilt[219,24480,73,60]
comrade[0,24540,73,60]
front door[73,24540,73,60]
marquis[146,24540,73,60]
climate[219,24540,73,60]
decide[0,24600,73,60]
cheerful[73,24600,73,60]
admirable[146,24600,73,60]
difference[219,24600,73,60]
horizontal[0,24660,73,60]
defense[73,24660,73,60]
Korea[146,24660,73,60]
dry[219,24660,73,60]
liver[0,24720,73,60]
publish[73,24720,73,60]
sweat[146,24720,73,60]
flats[219,24720,73,60]
beach[0,24780,73,60]
tree trunk[73,24780,73,60]
potato[146,24780,73,60]
eaves[219,24780,73,60]
too much[0,24840,73,60]
exclude[73,24840,73,60]
gradually[146,24840,73,60]
confer[219,24840,73,60]
route[0,24900,73,60]
diagonal[73,24900,73,60]
paint[146,24900,73,60]
bundle[219,24900,73,60]
trust[0,24960,73,60]
rapids[73,24960,73,60]
imperial order[146,24960,73,60]
alienate[219,24960,73,60]
quick[0,25020,73,60]
organize[73,25020,73,60]
saber[146,25020,73,60]
precipitous[219,25020,73,60]
examination[0,25080,73,60]
frugal[73,25080,73,60]
heavy[146,25080,73,60]
move[219,25080,73,60]
meritorious deed[0,25140,73,60]
work[73,25140,73,60]
species[146,25140,73,60]
collide[219,25140,73,60]
fragrant[0,25200,73,60]
ill[73,25200,73,60]
stupid[146,25200,73,60]
pox[219,25200,73,60]
symptoms[0,25260,73,60]
rapidly[73,25260,73,60]
diarrhea[146,25260,73,60]
tired[219,25260,73,60]
epidemic[0,25320,73,60]
pain[73,25320,73,60]
mannerism[146,25320,73,60]
hide[219,25320,73,60]
artisan[0,25380,73,60]
doctor[73,25380,73,60]
equal[146,25380,73,60]
ward[219,25380,73,60]
hinge[0,25440,73,60]
assault[73,25440,73,60]
Europe[146,25440,73,60]
repress[219,25440,73,60]
faceup[0,25500,73,60]
welcome[73,25500,73,60]
ascend[146,25500,73,60]
lucidity[219,25500,73,60]
discharge[0,25560,73,60]
abolish[73,25560,73,60]
colleague[146,25560,73,60]
dormitory[219,25560,73,60]
heal[0,25620,73,60]
carve[73,25620,73,60]
shape[146,25620,73,60]
shadow[219,25620,73,60]
cedar[0,25680,73,60]
coloring[73,25680,73,60]
patent[146,25680,73,60]
lad[219,25680,73,60]
face[0,25740,73,60]
ought[73,25740,73,60]
swell[146,25740,73,60]
visit[219,25740,73,60]
wretched[0,25800,73,60]
discipline[73,25800,73,60]
rare[146,25800,73,60]
checkup[219,25800,73,60]
sentence[0,25860,73,60]
vis-a-vis[73,25860,73,60]
family crest[146,25860,73,60]
mosquito[219,25860,73,60]
adjusted[0,25920,73,60]
dose[73,25920,73,60]
finish[146,25920,73,60]
purification[219,25920,73,60]
solemn[0,25980,73,60]
bases[73,25980,73,60]
music[146,25980,73,60]
medicine[219,25980,73,60]
ratio[0,26040,73,60]
astringent[73,26040,73,60]
vicarious[146,26040,73,60]
center[219,26040,73,60]
England[0,26100,73,60]
reflect[73,26100,73,60]
red[146,26100,73,60]
pardon[219,26100,73,60]
unusual[0,26160,73,60]
tracks[73,26160,73,60]
barbarian[146,26160,73,60]
romance[219,26160,73,60]
gulf[0,26220,73,60]
yellow[73,26220,73,60]
sideways[146,26220,73,60]
grasp[219,26220,73,60]
color[0,26280,73,60]
discontinue[73,26280,73,60]
glossy[146,26280,73,60]
fertilizer[219,26280,73,60]
sweet[0,26340,73,60]
navy blue[73,26340,73,60]
so-and-so[146,26340,73,60]
conspire[219,26340,73,60]
mediator[0,26400,73,60]
deceit[73,26400,73,60]
chess piece[146,26400,73,60]
national flag[219,26400,73,60]
period[0,26460,73,60]
Go[73,26460,73,60]
fundamentals[146,26460,73,60]
tremendously[219,26460,73,60]
intuition[0,26520,73,60]
withstand[73,26520,73,60]
precious[146,26520,73,60]
bequeath[219,26520,73,60]
dispatch[0,26580,73,60]
dance[73,26580,73,60]
nothingness[146,26580,73,60]
association[219,26580,73,60]
coarse[0,26640,73,60]
tariff[73,26640,73,60]
ancestor[146,26640,73,60]
thwart[219,26640,73,60]
investigate[0,26700,73,60]
help[73,26700,73,60]
best regards[146,26700,73,60]
tatami mat[219,26700,73,60]
row[0,26760,73,60]
universal[73,26760,73,60]
musical score[146,26760,73,60]
damp[219,26760,73,60]
appear[0,26820,73,60]
slender[73,26820,73,60]
spirits[146,26820,73,60]
profession[219,26820,73,60]
slap[0,26880,73,60]
me[73,26880,73,60]
together[146,26880,73,60]
submit[219,26880,73,60]
uncommon[0,26940,73,60]
wing[73,26940,73,60]
deluge[146,26940,73,60]
harbor[219,26940,73,60]
outburst[0,27000,73,60]
bomb[73,27000,73,60]
respect[146,27000,73,60]
elect[219,27000,73,60]
Mr.[0,27060,73,60]
well[73,27060,73,60]
surround[146,27060,73,60]
till[219,27060,73,60]
Asia[0,27120,73,60]
bad[73,27120,73,60]
circle[146,27120,73,60]
angle[219,27120,73,60]
contact[0,27180,73,60]
unravel[73,27180,73,60]
again[146,27180,73,60]
lecture[219,27180,73,60]
subscription[0,27240,73,60]
posture[73,27240,73,60]
gutter[146,27240,73,60]
argument[219,27240,73,60]
ethics[0,27300,73,60]
wheel[73,27300,73,60]
partial[146,27300,73,60]
everywhere[219,27300,73,60]
compilation[0,27360,73,60]
tome[73,27360,73,60]
code[146,27360,73,60]
family name[219,27360,73,60]
paper[0,27420,73,60]
marriage[73,27420,73,60]
lower[146,27420,73,60]
resist[219,27420,73,60]
bottom[0,27480,73,60]
people[73,27480,73,60]
sleep[146,27480,73,60]
catch[219,27480,73,60]
bay[0,27540,73,60]
bullrush[73,27540,73,60]
shop[146,27540,73,60]
supplement[219,27540,73,60]
residence[0,27600,73,60]
enclosure[73,27600,73,60]
county[146,27600,73,60]
outskirts[219,27600,73,60]
section[0,27660,73,60]
metropolis[73,27660,73,60]
mail[146,27660,73,60]
home country[219,27660,73,60]
hometown[0,27720,73,60]
echo[73,27720,73,60]
son[146,27720,73,60]
corridor[219,27720,73,60]
shield[0,27780,73,60]
sequential[73,27780,73,60]
faction[146,27780,73,60]
vein[219,27780,73,60]
masses[0,27840,73,60]
parcel post[73,27840,73,60]
grade[146,27840,73,60]
forge[219,27840,73,60]
empress[0,27900,73,60]
phantasm[73,27900,73,60]
director[146,27900,73,60]
pay respects[219,27900,73,60]
parts of speech[0,27960,73,60]
domesticate[73,27960,73,60]
heir[146,27960,73,60]
boat[219,27960,73,60]
liner[0,28020,73,60]
navigate[73,28020,73,60]
carrier[146,28020,73,60]
tray[219,28020,73,60]
conveyor[0,28080,73,60]
ship[73,28080,73,60]
warship[146,28080,73,60]
rowboat[219,28080,73,60]
melon[0,28140,73,60]
arc[73,28140,73,60]
orphan[146,28140,73,60]
cocoon[219,28140,73,60]
benefit[0,28200,73,60]
spare time[73,28200,73,60]
spread[146,28200,73,60]
come[219,28200,73,60]
spirit[0,28260,73,60]
vapor[73,28260,73,60]
fly[146,28260,73,60]
sink[219,28260,73,60]
wife[0,28320,73,60]
decline[73,28320,73,60]
inmost[146,28320,73,60]
mask[219,28320,73,60]
leather[0,28380,73,60]
shoes[73,28380,73,60]
hegemony[146,28380,73,60]
voice[219,28380,73,60]
give[0,28440,73,60]
recreation[73,28440,73,60]
mistake[146,28440,73,60]
steam[219,28440,73,60]
acquiesce[0,28500,73,60]
bin[73,28500,73,60]
poles[146,28500,73,60]
tusk[219,28500,73,60]
bud[0,28560,73,60]
wicked[73,28560,73,60]
gracious[146,28560,73,60]
interpretation[219,28560,73,60]
turn[0,28620,73,60]
hearing[73,28620,73,60]
flip[146,28620,73,60]
clan[219,28620,73,60]
fur[0,28680,73,60]
decrease[73,28680,73,60]
tail[146,28680,73,60]
home[219,28680,73,60]
consign[0,28740,73,60]
do[73,28740,73,60]
falsehood[146,28740,73,60]
long[219,28740,73,60]
lengthen[0,28800,73,60]
notebook[73,28800,73,60]
dilate[146,28800,73,60]
hair of the head[219,28800,73,60]
unfold[0,28860,73,60]
miss[73,28860,73,60]
nest[146,28860,73,60]
simple[219,28860,73,60]
war[0,28920,73,60]
Zen[73,28920,73,60]
bullet[146,28920,73,60]
cherry tree[219,28920,73,60]
animal[0,28980,73,60]
brain[73,28980,73,60]
trouble[146,28980,73,60]
stern[219,28980,73,60]
chain[0,29040,73,60]
raise[73,29040,73,60]
reputation[146,29040,73,60]
game hunting[219,29040,73,60]
bird[0,29100,73,60]
chirp[73,29100,73,60]
crane[146,29100,73,60]
crow[219,29100,73,60]
vine[0,29160,73,60]
pigeon[73,29160,73,60]
chicken[146,29160,73,60]
island[219,29160,73,60]
warmth[0,29220,73,60]
beautiful woman[73,29220,73,60]
abet[146,29220,73,60]
slacken[219,29220,73,60]
belong[0,29280,73,60]
entrust[73,29280,73,60]
accidentally[146,29280,73,60]
interview[219,29280,73,60]
foolish[0,29340,73,60]
corner[73,29340,73,60]
inverted[146,29340,73,60]
model[219,29340,73,60]
Mount[0,29400,73,60]
steel[73,29400,73,60]
hawser[146,29400,73,60]
sturdy[219,29400,73,60]
tin can[0,29460,73,60]
pottery[73,29460,73,60]
swing[146,29460,73,60]
Noh chanting[219,29460,73,60]
concerning[0,29520,73,60]
sociable[73,29520,73,60]
groundbreaking[146,29520,73,60]
excuse[219,29520,73,60]
elude[0,29580,73,60]
nightfall[73,29580,73,60]
exertion[146,29580,73,60]
elephant[219,29580,73,60]
statue[0,29640,73,60]
horse[73,29640,73,60]
pony[146,29640,73,60]
verification[219,29640,73,60]
equestrian[0,29700,73,60]
parking[73,29700,73,60]
drive[146,29700,73,60]
station[219,29700,73,60]
boisterous[0,29760,73,60]
burdensome[73,29760,73,60]
wonder[146,29760,73,60]
fervent[219,29760,73,60]
inflation[0,29820,73,60]
tiger[73,29820,73,60]
captive[146,29820,73,60]
skin[219,29820,73,60]
void[0,29880,73,60]
frolic[73,29880,73,60]
uneasiness[146,29880,73,60]
prudence[219,29880,73,60]
drama[0,29940,73,60]
tyrannize[73,29940,73,60]
deer[146,29940,73,60]
recommend[219,29940,73,60]
jubilation[0,30000,73,60]
lovely[73,30000,73,60]
bear[146,30000,73,60]
ability[219,30000,73,60]
attitude[0,30060,73,60]
sign of the tiger[73,30060,73,60]
performance[146,30060,73,60]
sign of the dragon[219,30060,73,60]
embarrass[0,30120,73,60]
quake[73,30120,73,60]
shake[146,30120,73,60]
with child[219,30120,73,60]
lips[0,30180,73,60]
agriculture[73,30180,73,60]
concentrated[146,30180,73,60]
send off[219,30180,73,60]
connection[0,30240,73,60]
blossom[73,30240,73,60]
ghost[146,30240,73,60]
ugly[219,30240,73,60]
soul[0,30300,73,60]
witch[73,30300,73,60]
fascination[146,30300,73,60]
clod[219,30300,73,60]
attack[0,30360,73,60]
upbraid[73,30360,73,60]
majestic plural[146,30360,73,60]
atmosphere[219,30360,73,60]
item[0,30420,73,60]
tempering[73,30420,73,60]
abide by[146,30420,73,60]
quit[219,30420,73,60]
barracks[0,30480,73,60]
moreover[73,30480,73,60]
seaweed[146,30480,73,60]
slave[219,30480,73,60]
healing[0,30540,73,60]
cinnabar[73,30540,73,60]
lagoon[146,30540,73,60]
sign of the cow[219,30540,73,60]
sign of the hare[0,30600,73,60]
sign of the snake[73,30600,73,60]
